probeset_id	a1449.CEL	a1484.CEL	a1466.CEL	a1532.CEL	a1406.CEL	a1461.CEL	a1533.CEL
AX-9586add	1	0	1	0	1	1	0
AX-9586add2	1	0	1	0	1	1	0
AX-9586	1	0	1	0	1	1	0
AX-34789	0	0	0	0	0	0	0
AX-22626	1	1	2	2	2	2	2
AX-15055	1	2	2	1	2	2	2
AX-20118	1	1	2	2	2	2	2
AX-2563	1	2	1	1	1	1	1
AX-5447	2	2	1	1	1	1	1
AX-29501	1	1	1	0	1	1	0
AX-6509	1	1	2	2	2	2	2
AX-35424	1	1	0	-1	-1	1	0
AX-1566	2	2	2	2	2	2	2
AX-38309	0	0	0	0	0	0	0
AX-10179	2	2	1	1	1	1	1
AX-21177	2	2	1	2	1	1	2
AX-31107	2	2	1	1	1	1	1
AX-11896	2	2	2	1	2	2	1
AX-29465	2	2	1	2	1	1	2
AX-15187	1	2	1	0	1	1	-1
AX-37226	0	0	0	0	0	0	0
AX-3329	1	2	2	2	2	2	2
AX-32476	1	1	0	0	0	0	0
AX-7059	1	2	0	0	0	0	0
AX-35967	2	2	2	2	2	2	2
AX-15190	1	0	0	1	0	0	1
AX-34440	0	1	1	2	-1	-1	2
AX-29314	2	2	1	1	1	1	1
AX-20561	2	2	2	1	2	2	1
AX-22472	1	0	1	0	1	1	0
AX-22261	-1	-1	1	2	1	1	2
AX-25504	2	2	1	1	1	1	1
AX-32084	1	1	2	1	2	2	1
AX-5290	1	1	1	2	1	1	2
AX-17972	2	2	1	-1	0	0	1
AX-26411	2	2	2	1	2	2	1
AX-15937	1	0	2	2	2	2	2
AX-9503	1	0	0	0	0	0	0
AX-727	0	0	1	2	2	2	2
AX-6099	1	0	1	1	1	1	1
AX-20119	1	1	2	2	2	2	2
AX-5386	0	0	1	1	1	1	1
AX-19796	0	0	0	0	0	0	0
AX-14485	0	0	0	0	0	0	0
AX-37708	2	2	2	2	2	2	2
AX-14647	0	1	1	-1	1	1	1
AX-21951	2	1	2	1	2	2	1
AX-3495	1	0	2	1	2	2	1
AX-35674	1	1	1	-1	-1	-1	1
AX-22355	2	2	2	2	2	2	2
AX-34753	2	2	1	-1	1	1	2
AX-8406	2	1	2	2	2	2	2
AX-27730	1	0	1	1	1	1	1
AX-26890	1	1	1	0	1	1	0
AX-37764	1	1	2	1	2	2	1
AX-7072	2	2	2	2	2	2	2
AX-27056	1	0	1	2	1	1	2
AX-8532	0	0	2	1	2	2	1
AX-34241	2	1	1	1	1	1	1
AX-19919	2	2	2	2	2	2	2
AX-7697	-1	0	1	2	1	1	2
AX-35533	1	0	2	2	2	2	2
AX-9104	2	2	2	2	2	2	2
AX-10912	0	1	2	1	2	2	1
AX-18209	1	0	1	0	1	1	0
AX-16794	0	0	1	0	1	1	0
AX-6192	2	1	2	2	2	2	2
AX-28526	0	0	0	1	0	0	1
AX-21159	2	2	2	2	2	2	2
AX-17475	2	2	2	2	2	2	2
AX-13512	1	1	1	0	1	1	0
AX-15434	1	1	2	2	2	2	2
AX-13746	1	1	-1	2	2	2	2
AX-16100	1	1	2	2	2	2	2
AX-24790	1	1	1	1	1	1	1
AX-3275	2	2	2	2	2	2	2
AX-3678	1	1	2	2	2	2	2
AX-24681	1	1	1	2	1	1	2
AX-35262	0	1	1	1	1	1	1
AX-4493	1	2	2	2	2	2	2
AX-10174	0	0	2	1	2	2	1
AX-18953	2	2	2	2	2	2	2
AX-30832	1	0	0	1	0	0	1
AX-18844	1	2	2	1	2	2	1
AX-33403	1	2	2	1	2	2	1
AX-9099	2	1	2	2	2	2	2
AX-34435	0	0	0	0	0	0	0
AX-1546	0	0	1	-1	1	1	1
AX-15426	1	1	2	2	2	2	2
AX-21356	1	0	2	1	2	2	1
AX-27984	0	0	1	2	1	1	2
AX-8834	1	0	2	2	2	2	1
AX-17935	0	0	0	1	0	0	1
AX-14561	2	2	2	2	2	2	2
AX-27528	0	0	1	1	1	1	1
AX-32082	1	1	2	2	2	2	2
AX-14297	0	0	1	1	1	1	1
AX-26982	2	2	1	2	1	1	2
AX-20859	2	2	0	1	0	0	1
AX-14354	1	1	2	2	2	2	2
AX-25415	1	1	2	2	2	2	2
AX-12748	0	0	0	1	0	0	1
AX-3725	2	1	2	2	2	2	2
AX-11607	2	1	1	2	1	1	2
AX-9728	2	2	1	-1	1	1	2
AX-15529	2	2	1	0	1	1	0
AX-32225	1	1	1	1	1	1	1
AX-3583	1	2	2	2	2	2	2
AX-14981	2	1	1	-1	1	1	2
AX-17652	0	0	0	-1	-1	0	0
AX-36512	2	2	2	2	2	2	2
AX-36859	1	1	1	0	1	1	0
AX-12104	2	2	1	1	1	1	1
AX-3636	0	0	0	0	0	0	0
AX-16871	0	0	0	0	0	0	0
AX-28622	1	2	2	1	2	2	1
AX-19346	0	0	1	1	1	1	1
AX-16817	1	2	1	1	1	1	1
AX-7935	0	0	1	0	1	1	0
AX-25985	1	2	1	-1	1	-1	1
AX-37967	0	1	0	0	0	0	0
AX-26218	1	1	2	2	2	2	2
AX-6061	2	2	2	2	2	2	2
AX-21518	2	2	1	2	1	1	2
AX-4642	2	2	2	-1	2	2	2
AX-19598	1	1	0	0	0	0	0
AX-29782	0	0	-1	1	0	0	1
AX-6383	1	1	1	1	1	1	1
AX-29542	1	1	2	-1	2	-1	1
AX-21345	2	2	1	2	1	1	2
AX-22165	2	1	2	1	2	2	1
AX-21395	0	0	1	2	1	1	2
AX-34172	0	0	1	1	1	1	1
AX-216	0	0	1	2	1	1	2
AX-32334	1	1	2	2	2	2	2
AX-16061	2	2	2	2	2	2	2
AX-18894	2	1	1	1	1	1	1
AX-24853	2	1	1	1	1	1	1
AX-22508	0	0	0	0	0	0	0
AX-3383	1	0	2	2	2	2	2
AX-26444	1	1	1	1	1	1	1
AX-16822	1	1	0	0	0	0	0
AX-5960	2	2	1	2	1	1	2
AX-12956	0	1	1	0	1	1	0
AX-19856	0	0	0	0	0	0	0
AX-11586	1	1	1	0	1	1	0
AX-27406	0	0	0	0	0	0	0
AX-30718	2	2	2	1	2	2	1
AX-14277	0	0	0	0	0	0	0
AX-25827	1	1	1	1	1	1	1
AX-23039	1	1	1	-1	1	1	2
AX-20528	0	0	0	1	0	0	1
AX-29079	0	0	1	1	1	1	1
AX-21481	0	0	1	2	1	1	2
AX-4069	1	1	1	1	1	1	1
AX-25231	0	0	0	0	0	0	0
AX-16948	2	2	2	2	2	2	2
AX-1477	0	0	0	0	0	0	0
AX-28317	1	1	1	-1	1	1	0
AX-33098	2	2	2	2	2	2	2
AX-35600	2	1	2	-1	-1	1	1
AX-36742	2	2	1	2	1	1	2
AX-6558	2	2	2	2	2	2	2
AX-24301	0	0	0	0	0	0	0
AX-12798	1	0	1	0	1	1	0
AX-20053	0	0	2	2	2	2	2
AX-8049	2	2	1	0	1	1	0
AX-37670	2	2	2	2	2	2	2
AX-20237	2	2	1	1	1	1	1
AX-35116	2	2	2	2	2	2	2
AX-13943	2	1	2	2	2	2	2
AX-13720	1	2	-1	-1	2	2	2
AX-12278	0	0	0	0	0	0	0
AX-20211	2	2	2	2	2	2	2
AX-24777	2	1	1	1	1	1	1
AX-28412	0	0	0	1	0	0	1
AX-6651	1	0	1	1	1	1	1
AX-31154	1	2	2	1	2	2	1
AX-1610	1	1	1	1	1	1	1
AX-13498	2	2	-1	1	1	1	1
AX-10810	2	2	1	1	1	1	1
AX-23589	2	2	2	1	2	2	1
AX-16301	0	0	-1	0	-1	0	0
AX-30325	2	2	-1	2	-1	-1	2
AX-16789	2	2	1	0	1	1	0
AX-36244	1	2	0	0	0	0	0
AX-22668	0	0	1	1	-1	1	1
AX-21470	2	2	0	1	0	0	1
AX-17717	0	0	0	0	0	0	0
AX-37165	1	1	2	2	2	2	2
AX-5882	1	0	1	1	1	1	1
AX-4308	2	2	2	2	2	2	2
AX-17261	1	1	1	1	1	1	1
AX-21423	1	2	2	2	2	2	2
AX-29740	0	1	1	1	1	1	1
AX-27447	1	1	2	2	2	2	2
AX-24737	1	1	1	0	1	1	0
AX-15285	2	2	2	2	2	2	2
AX-32455	0	1	0	0	0	0	0
AX-4438	1	2	0	0	1	-1	0
AX-3805	1	1	0	0	0	0	0
AX-11585	1	1	1	2	1	1	2
AX-14011	1	0	2	2	2	2	2
AX-8668	2	1	2	2	2	2	2
AX-23778	1	1	1	1	1	1	1
AX-18339	2	2	1	1	1	1	1
AX-18717	2	1	1	2	1	1	2
AX-19308	2	2	2	2	2	2	2
AX-14863	2	2	2	2	2	2	2
AX-34477	0	0	0	0	0	0	0
AX-24521	1	1	1	0	1	1	0
AX-12474	1	1	1	0	1	1	0
AX-30411	0	0	1	0	1	1	0
AX-36822	2	2	1	2	1	1	2
AX-16321	0	0	1	1	1	1	1
AX-30579	1	1	1	1	1	1	1
AX-22596	1	1	2	1	2	2	1
AX-37415	1	0	0	-1	0	0	1
AX-15929	0	0	1	1	1	1	1
AX-29277	2	2	2	1	2	2	1
AX-18647	0	0	0	1	0	0	1
AX-27032	1	1	0	0	1	1	0
AX-11723	1	1	1	0	1	1	0
AX-10306	2	2	1	1	1	1	1
AX-28953	0	1	0	0	0	0	0
AX-4265	1	2	2	2	2	2	2
AX-16210	1	0	2	2	2	2	2
AX-19849	2	2	0	0	0	0	0
AX-18576	1	1	2	2	2	2	2
AX-9807	1	1	1	0	1	1	0
AX-37399	1	2	1	0	1	1	0
AX-11640	2	2	1	0	1	1	0
AX-11728	1	1	0	0	0	0	0
AX-30026	0	0	0	0	0	0	0
AX-33756	1	0	0	0	0	0	0
AX-22465	1	1	2	1	2	2	1
AX-29788	2	2	2	2	2	2	2
AX-21850	2	2	2	2	2	2	2
AX-31298	2	2	1	2	1	1	2
AX-16165	1	2	2	2	2	2	2
AX-3995	2	1	2	2	2	2	2
AX-30246	0	0	0	0	0	0	0
AX-13219	2	2	2	2	2	2	2
AX-38148	0	1	1	2	1	1	2
AX-22761	2	2	1	1	1	1	1
AX-18419	2	2	2	2	2	2	2
AX-8503	1	0	0	1	0	0	1
AX-26242	2	2	1	1	1	1	1
AX-28434	1	1	1	2	1	1	2
AX-13141	2	2	1	0	1	1	0
AX-26098	1	1	1	1	1	1	1
AX-26779	2	2	2	1	2	2	1
AX-24389	0	1	1	1	1	1	1
AX-27225	1	1	1	2	1	1	2
AX-29478	1	0	1	1	1	-1	1
AX-7797	0	0	1	1	1	1	1
AX-29322	2	2	2	2	2	2	2
AX-35822	2	2	0	0	0	0	0
AX-18337	0	1	1	1	1	1	1
AX-26238	2	1	1	2	1	1	2
AX-14501	2	2	2	2	2	2	2
AX-15265	1	1	1	1	1	1	1
AX-8167	2	2	2	2	2	2	2
AX-28840	2	2	1	0	1	1	0
AX-16087	2	2	2	2	2	2	2
AX-845	1	1	2	2	2	2	2
AX-25122	2	1	0	-1	0	0	1
AX-31264	1	0	2	2	2	2	2
AX-18920	2	2	2	1	2	2	1
AX-3621	1	2	0	0	0	0	0
AX-10958	1	1	2	1	2	2	1
AX-13411	2	2	2	1	2	2	1
AX-36937	0	1	2	2	2	2	2
AX-21316	1	2	1	0	1	1	0
AX-29309	2	2	1	1	1	1	1
AX-10027	2	2	1	1	1	1	1
AX-25856	1	1	1	1	1	1	1
AX-27255	1	0	1	2	1	1	2
AX-34955	1	0	2	1	2	2	1
AX-10646	1	1	1	1	1	1	1
AX-11953	1	1	1	0	1	1	0
AX-16852	2	2	2	2	2	2	2
AX-27517	2	2	1	1	1	1	1
AX-8452	2	2	1	0	1	1	0
AX-28734	2	1	2	2	2	2	2
AX-30942	1	1	2	2	2	2	2
AX-17943	2	2	2	2	2	2	2
AX-9891	2	2	2	1	2	2	1
AX-12633	1	2	2	2	2	2	2
AX-20744	2	2	2	1	2	2	1
AX-3860	1	0	0	0	0	0	0
AX-29688	1	1	1	1	1	1	1
AX-7801	2	2	1	2	1	1	2
AX-15617	0	0	0	0	0	0	0
AX-21612	2	2	0	1	0	0	1
AX-5157	1	0	0	0	0	0	0
AX-26573	1	2	2	2	2	2	2
AX-1301	0	0	0	1	0	0	1
AX-32578	2	2	2	0	2	2	1
AX-8886	1	0	0	-1	0	0	0
AX-26386	2	2	2	2	2	2	2
AX-36678	0	0	1	1	1	1	1
AX-24254	0	1	1	0	1	1	0
AX-17411	1	2	1	0	1	1	0
AX-5004	0	1	0	0	0	0	0
AX-20830	0	0	2	2	2	2	2
AX-6215	2	0	2	2	2	2	2
AX-15406	1	0	1	0	1	1	0
AX-6471	2	1	2	2	2	2	2
AX-19845	0	0	2	2	2	2	2
AX-5611	0	0	1	1	1	1	1
AX-5033	1	1	1	1	1	1	1
AX-29112	0	0	0	-1	0	0	0
AX-6931	1	2	1	1	1	1	1
AX-2389	1	2	1	1	1	1	1
AX-6195	2	2	1	1	1	1	1
AX-3323	0	0	0	0	0	0	0
AX-35263	1	1	2	2	2	2	2
AX-14491	2	2	2	2	2	2	2
AX-4005	0	1	0	0	0	0	0
AX-2116	0	0	1	1	1	1	1
AX-35386	1	1	2	2	2	2	2
AX-33920	0	0	1	0	1	1	0
AX-26201	2	2	2	2	2	2	2
AX-11269	2	2	2	2	2	2	2
AX-34838	1	1	2	0	2	2	0
AX-14327	2	2	1	2	1	1	2
AX-24071	2	2	2	2	2	2	2
AX-11279	2	2	0	2	0	0	2
AX-23443	0	0	1	1	1	1	1
AX-36352	0	0	0	0	0	0	0
AX-1994	2	1	0	0	0	0	0
AX-18955	2	1	0	0	0	0	0
AX-5932	1	0	1	0	1	1	0
AX-35658	1	1	1	2	1	1	2
AX-28296	1	1	1	2	1	1	2
AX-34959	0	0	1	1	1	1	1
AX-31122	1	1	1	1	1	1	-1
AX-30130	2	2	2	2	2	2	2
AX-28508	1	1	1	0	1	1	0
AX-23652	1	1	1	-1	1	1	1
AX-35268	0	0	0	1	0	0	1
AX-10703	1	0	0	0	0	0	0
AX-36597	1	0	2	2	2	2	2
AX-34940	1	2	1	1	1	1	1
AX-30743	2	2	2	1	2	2	1
AX-38232	2	2	2	2	2	2	2
AX-5738	1	0	0	0	0	0	0
AX-27201	1	2	1	-1	1	1	0
AX-24557	2	2	2	2	2	2	2
AX-2515	2	1	1	-1	1	1	1
AX-26543	2	1	0	0	0	0	0
AX-22967	0	1	1	1	1	1	1
AX-35464	0	0	0	0	0	0	0
AX-20718	2	2	2	1	2	2	2
AX-1745	2	2	1	1	1	1	1
AX-16072	0	1	2	2	2	2	2
AX-92	0	0	1	1	1	1	1
AX-13606	1	1	1	-1	1	1	1
AX-17311	1	1	1	1	1	1	1
AX-26443	1	1	1	1	1	1	1
AX-26263	1	0	0	1	0	0	1
AX-31066	1	2	2	1	2	2	1
AX-8529	1	2	2	1	2	2	1
AX-21513	1	2	0	1	0	0	1
AX-24472	-1	1	2	1	2	2	1
AX-14666	1	1	1	1	1	1	1
AX-10489	0	0	1	1	1	1	1
AX-33334	2	2	2	2	2	2	2
AX-29284	2	1	2	2	2	2	2
AX-32138	1	1	0	0	0	0	0
AX-8770	1	0	2	2	2	2	2
AX-9095	1	1	0	0	0	0	0
AX-7708	0	0	1	1	1	1	1
AX-14679	2	2	2	1	2	2	1
AX-18591	0	0	1	1	1	1	1
AX-28494	1	1	1	2	1	1	2
AX-11811	1	1	2	2	2	2	2
AX-6296	1	1	0	0	0	0	0
AX-3424	1	1	2	2	2	2	2
AX-36119	2	2	2	1	2	2	1
AX-28470	2	1	2	2	2	2	2
AX-21977	2	2	1	0	1	1	0
AX-37236	0	0	1	2	1	1	2
AX-3411	0	0	0	-1	0	0	0
AX-25255	1	1	1	1	1	1	1
AX-23341	0	0	0	1	0	0	1
AX-11947	2	1	1	2	1	1	2
AX-2036	2	2	1	1	1	1	1
AX-2371	2	2	2	2	2	2	2
AX-16860	2	2	1	2	1	1	2
AX-37560	0	0	0	1	0	0	1
AX-15376	1	0	1	0	1	1	0
AX-22018	2	2	1	1	1	1	1
AX-8160	0	1	0	0	0	0	0
AX-17932	2	2	2	1	2	2	1
AX-29573	0	0	1	1	1	1	1
AX-12260	1	2	2	2	2	2	-1
AX-25380	1	1	1	1	1	1	1
AX-24114	0	0	0	0	0	0	0
AX-12040	0	0	0	0	0	0	0
AX-16600	2	2	0	0	0	0	0
AX-16120	0	0	0	0	0	0	0
AX-27391	0	0	1	1	1	1	1
AX-30302	1	1	2	1	2	2	1
AX-6594	2	2	2	2	2	2	2
AX-33545	0	0	1	2	1	1	2
AX-14810	0	0	0	0	0	0	0
AX-27077	1	2	1	0	1	1	0
AX-26869	2	2	2	1	2	2	1
AX-23106	1	1	1	-1	1	1	1
AX-18797	1	1	2	1	2	2	2
AX-17410	0	0	0	0	0	0	0
AX-7320	2	2	1	1	1	1	1
AX-19649	2	2	2	-1	2	2	1
AX-11954	1	2	2	2	2	2	2
AX-6116	1	2	1	1	1	1	1
AX-2307	2	2	2	2	2	2	2
AX-13399	1	1	1	2	1	1	2
AX-35794	0	0	1	1	1	1	1
AX-35825	1	1	1	2	1	1	2
AX-16853	0	0	0	0	0	0	0
AX-19122	2	2	1	1	1	1	1
AX-5256	1	1	0	0	0	0	0
AX-29147	1	1	1	2	1	1	2
AX-32994	0	0	0	0	0	0	0
AX-37262	0	0	2	2	2	2	2
AX-19925	0	0	0	0	0	0	0
AX-25824	2	2	1	1	1	1	1
AX-14179	1	2	1	1	1	1	1
AX-7998	2	2	1	0	1	1	0
AX-25552	2	2	2	2	2	2	2
AX-36046	1	2	2	1	-1	2	1
AX-9923	2	2	2	2	2	2	2
AX-15956	2	2	2	1	2	2	1
AX-1931	0	1	1	1	1	1	1
AX-5576	2	2	1	1	1	1	1
AX-24310	0	1	1	0	1	1	0
AX-9985	2	2	2	1	2	2	1
AX-22515	1	1	0	1	0	0	1
AX-9905	1	1	2	2	2	2	2
AX-15909	1	0	2	2	2	2	2
AX-34142	1	1	0	1	0	0	1
AX-26447	1	1	2	2	2	2	2
AX-37275	0	0	0	1	0	0	1
AX-26933	0	1	1	2	1	1	1
AX-33980	0	0	1	0	1	1	0
AX-23014	2	1	0	1	0	0	1
AX-27647	1	2	0	0	0	0	0
AX-36280	2	1	1	0	1	1	0
AX-3863	2	1	1	2	1	1	2
AX-33819	2	1	1	1	-1	1	-1
AX-16361	1	0	2	2	2	2	2
AX-21428	0	-1	1	2	1	1	2
AX-37078	1	1	1	0	1	1	0
AX-9709	1	2	1	2	1	1	2
AX-36052	2	1	1	1	1	1	1
AX-13080	1	1	2	2	2	2	2
AX-35127	1	0	0	2	0	0	1
AX-17659	0	0	0	-1	0	0	0
AX-32094	1	1	2	2	2	2	2
AX-17182	1	2	2	1	2	2	1
AX-8810	1	2	1	2	1	1	2
AX-12180	2	2	1	0	1	1	0
AX-23904	1	2	1	2	1	1	2
AX-15667	1	1	1	-1	1	1	1
AX-31851	1	1	2	2	2	2	2
AX-26949	1	1	1	1	1	1	1
AX-16461	0	0	0	0	0	0	0
AX-37330	1	0	0	1	0	0	1
AX-9150	2	2	2	1	2	2	1
AX-26616	1	1	1	1	1	1	1
AX-22486	0	0	0	1	0	0	1
AX-23881	1	1	1	0	1	1	0
AX-21876	1	2	0	1	0	0	1
AX-19600	0	0	2	2	2	2	2
AX-36699	0	0	0	0	0	0	0
AX-19464	1	0	2	2	2	2	2
AX-3746	1	0	0	0	0	0	0
AX-3339	1	2	0	0	0	0	0
AX-2802	0	0	0	0	1	0	0
AX-20251	2	2	2	2	2	2	2
AX-23514	2	2	1	1	1	1	1
AX-2589	1	1	1	1	1	1	1
AX-21005	0	1	0	0	0	0	0
AX-6487	1	1	1	1	1	1	1
AX-37065	2	1	1	2	1	1	2
AX-38208	2	2	2	1	2	2	1
AX-19236	0	0	1	1	1	1	1
AX-36166	2	1	1	0	1	1	0
AX-22268	1	1	2	1	2	2	1
AX-32126	1	1	0	0	0	0	0
AX-14527	1	1	1	1	1	1	1
AX-28059	1	1	1	1	1	1	1
AX-24067	1	1	2	1	2	2	1
AX-32724	2	2	2	1	2	2	1
AX-19052	1	1	2	1	2	2	1
AX-24733	1	1	1	0	1	1	0
AX-13255	2	2	2	2	2	2	2
AX-26413	2	2	2	2	2	2	2
AX-37637	-1	2	2	1	1	2	2
AX-23523	1	1	1	0	1	1	0
AX-922	0	0	2	2	2	2	2
AX-1197	0	1	0	1	0	0	1
AX-4305	2	1	0	-1	0	0	1
AX-18727	0	1	1	1	1	1	1
AX-28049	0	1	1	2	1	1	2
AX-24023	1	1	1	1	1	1	1
AX-30092	0	0	0	1	0	0	1
AX-10038	0	0	0	1	0	0	1
AX-8684	0	0	0	0	0	0	0
AX-30530	2	2	1	1	1	1	1
AX-5147	2	2	2	2	2	2	2
AX-26290	1	1	2	2	2	2	2
AX-11317	1	2	2	2	2	2	2
AX-24373	2	2	2	1	2	2	1
AX-8337	2	2	1	2	1	1	2
AX-26847	1	1	2	2	2	2	2
AX-7796	0	0	1	1	1	1	1
AX-31455	1	1	1	1	1	1	1
AX-18244	2	1	2	1	2	2	1
AX-15339	1	2	2	1	2	2	1
AX-35853	2	2	2	1	2	2	1
AX-9833	0	0	0	0	0	0	0
AX-38226	2	2	2	2	2	2	2
AX-4820	1	2	2	2	2	2	2
AX-3481	2	2	2	2	2	2	2
AX-24753	1	1	2	2	2	2	2
AX-23048	1	2	0	-1	0	0	0
AX-10484	2	2	1	2	1	1	2
AX-29921	0	1	1	2	1	1	2
AX-2911	0	0	1	1	1	1	1
AX-3833	0	0	0	0	0	0	0
AX-15994	2	2	2	2	2	2	2
AX-4579	1	0	0	0	0	0	0
AX-14888	1	1	2	1	2	2	1
AX-32201	2	2	1	1	1	1	1
AX-28280	0	1	0	0	0	0	0
AX-9936	2	2	2	1	2	2	1
AX-17467	1	2	1	2	1	1	2
AX-23897	-1	1	1	2	1	1	1
AX-26839	1	1	1	1	1	1	1
AX-631	1	1	1	1	1	1	1
AX-37941	1	0	1	1	1	1	1
AX-3867	1	1	1	1	1	1	1
AX-15553	1	2	1	2	1	1	2
AX-4614	1	2	0	-1	0	0	0
AX-11849	1	1	0	-1	-1	0	0
AX-31819	0	0	0	1	0	0	1
AX-26521	1	1	1	1	1	1	1
AX-15057	1	2	2	1	2	2	1
AX-21308	0	0	1	0	1	1	0
AX-29741	0	0	0	1	0	0	1
AX-33474	0	0	1	1	1	1	1
AX-22081	0	1	0	1	0	0	1
AX-8678	2	2	2	2	2	2	2
AX-27549	2	2	1	1	1	1	1
AX-1181	2	1	2	2	2	2	2
AX-15240	0	0	0	0	0	0	0
AX-6899	1	1	1	1	1	1	1
AX-3273	0	1	2	2	2	2	2
AX-13079	2	2	1	1	1	1	1
AX-30517	2	2	2	1	2	2	1
AX-31980	0	0	0	0	0	0	0
AX-38441	1	1	2	2	2	2	2
AX-15041	2	2	1	1	1	1	1
AX-18895	0	1	1	1	1	1	1
AX-26286	2	2	2	-1	2	2	1
AX-19084	1	1	0	0	0	0	0
AX-22216	0	0	2	2	2	2	2
AX-25673	2	2	2	2	2	2	2
AX-13268	1	1	2	1	2	2	0
AX-25922	1	-1	1	1	1	1	1
AX-8625	0	0	2	2	2	2	2
AX-22928	-1	1	2	2	2	2	2
AX-31045	0	0	2	1	2	2	1
AX-4193	1	2	2	2	2	2	2
AX-11318	-1	1	0	-1	0	0	1
AX-32166	1	0	1	1	1	1	1
AX-37098	1	2	1	0	-1	1	0
AX-5244	0	0	1	1	1	1	1
AX-29835	0	0	1	1	1	1	1
AX-26194	2	2	1	1	1	1	1
AX-13691	1	1	1	0	1	1	0
AX-31868	0	0	0	1	0	0	1
AX-15616	-1	1	2	2	2	2	2
AX-31240	0	0	1	1	1	1	1
AX-12590	2	2	2	2	2	2	2
AX-14752	1	1	2	2	2	2	2
AX-26645	2	2	1	1	1	1	1
AX-17112	1	2	1	1	1	1	1
AX-13370	1	1	0	1	0	0	1
AX-28072	2	1	1	0	1	1	0
AX-20441	0	0	0	1	0	0	1
AX-34213	1	0	1	0	1	1	0
AX-6336	1	1	1	1	1	1	1
AX-34816	1	2	0	2	0	0	1
AX-8945	2	2	2	2	2	2	2
AX-9820	2	2	2	2	2	2	2
AX-28920	0	0	0	0	0	0	0
AX-6373	1	2	2	2	2	2	2
AX-10746	2	2	0	1	0	0	1
AX-5338	0	1	0	0	0	0	0
AX-28903	2	0	2	2	2	2	2
AX-18147	1	0	2	1	2	2	1
AX-6902	0	0	0	0	0	0	0
AX-10959	1	1	2	2	2	2	2
AX-3949	2	2	2	1	2	2	1
AX-9490	1	0	2	2	2	2	2
AX-24672	1	1	1	2	1	1	2
AX-10938	0	0	0	0	0	0	0
AX-31034	0	0	1	1	1	1	1
AX-15919	1	0	2	1	2	2	1
AX-17241	1	2	1	1	1	1	1
AX-19514	2	2	-1	2	2	2	2
AX-20653	0	0	0	1	0	0	1
AX-21386	1	1	2	-1	2	2	2
AX-2296	1	0	1	0	1	1	0
AX-36325	1	1	1	2	1	-1	2
AX-22860	1	1	0	0	0	0	0
AX-7609	2	2	2	2	2	2	2
AX-14837	0	0	0	0	0	0	0
AX-26034	1	1	1	1	1	1	1
AX-12897	2	2	2	2	2	2	2
AX-8949	1	0	0	0	0	0	0
AX-25688	0	1	1	1	1	1	1
AX-30756	2	2	1	0	1	1	0
AX-27649	2	1	2	2	2	2	2
AX-18774	2	2	2	-1	2	2	2
AX-5602	2	2	1	1	1	1	1
AX-27972	1	1	2	-1	2	2	1
AX-5270	2	1	2	2	2	2	2
AX-16571	0	0	0	0	0	0	0
AX-25294	2	2	2	2	2	2	2
AX-5069	2	2	2	2	2	2	2
AX-26169	2	2	1	1	1	1	1
AX-5579	2	2	1	1	1	1	1
AX-22853	1	2	0	1	0	0	1
AX-27661	2	2	2	2	2	2	2
AX-4336	0	1	0	0	0	0	0
AX-13260	2	1	1	1	1	1	2
AX-19425	0	0	2	2	2	2	2
AX-24020	2	2	1	0	1	1	0
AX-20534	0	0	1	1	1	1	1
AX-32856	1	1	2	2	2	2	2
AX-17340	0	0	1	-1	1	1	1
AX-31490	1	1	2	2	2	2	2
AX-22127	1	0	1	0	1	1	0
AX-4806	0	1	1	2	1	1	2
AX-7336	1	2	0	1	0	0	1
AX-17734	1	0	1	1	1	1	1
AX-22122	2	2	1	1	1	1	1
AX-19331	0	0	0	0	0	0	0
AX-36171	2	2	2	1	2	2	1
AX-27445	1	2	1	0	1	1	0
AX-35941	1	1	1	2	1	1	2
AX-33096	2	1	2	1	2	2	1
AX-25872	1	1	2	2	2	2	2
AX-33140	1	2	1	0	1	1	1
AX-13039	2	2	2	2	2	2	2
AX-20480	2	2	2	2	2	2	2
AX-10883	2	2	2	1	2	2	1
AX-34973	1	2	0	1	0	0	1
AX-29069	0	0	1	2	1	1	2
AX-17782	1	0	1	0	1	1	0
AX-26962	1	1	2	2	2	2	2
AX-30615	1	1	1	1	1	1	1
AX-34159	2	2	1	1	1	1	1
AX-21960	2	1	2	1	2	2	1
AX-22176	1	0	1	0	1	1	0
AX-30028	2	2	2	2	2	2	2
AX-29368	2	2	2	2	2	2	2
AX-2863	2	2	2	2	2	2	2
AX-22283	1	1	0	1	0	0	1
AX-13324	2	2	2	-1	2	2	1
AX-13375	1	1	2	2	2	2	2
AX-14868	0	1	2	2	2	2	1
AX-36972	2	2	2	2	2	2	2
AX-14339	2	2	2	2	2	2	2
AX-5431	0	1	1	1	1	1	1
AX-18874	1	1	2	2	2	2	2
AX-30425	1	1	0	0	0	0	0
AX-18327	2	2	1	1	1	1	1
AX-33425	2	1	2	1	2	2	-1
AX-7832	2	2	2	2	2	2	2
AX-1433	2	2	1	1	1	1	1
AX-1092	0	1	0	0	0	0	0
AX-28894	1	1	1	2	1	1	2
AX-11583	2	1	-1	2	0	0	-1
AX-16493	1	0	2	2	2	2	2
AX-28541	1	1	1	0	1	1	0
AX-35432	2	2	2	1	2	2	1
AX-27715	1	0	1	1	1	1	1
AX-19251	2	2	0	0	0	0	0
AX-1770	0	0	1	1	1	1	1
AX-7699	0	0	0	0	0	0	0
AX-16223	2	2	2	2	2	2	2
AX-28715	0	0	1	1	1	1	1
AX-12276	0	0	0	0	0	0	0
AX-1864	0	0	0	0	0	0	0
AX-36712	2	2	2	2	2	2	2
AX-23433	1	1	0	0	0	0	0
AX-1890	1	1	1	1	1	1	1
AX-32041	0	0	0	1	0	0	1
AX-35577	1	2	2	2	2	2	2
AX-31655	0	0	1	1	1	1	1
AX-28294	2	2	2	-1	2	2	1
AX-30326	2	2	2	-1	2	2	2
AX-23989	1	2	1	-1	1	1	2
AX-19050	1	1	0	1	0	0	1
AX-13607	0	1	0	0	0	0	0
AX-24649	1	1	1	-1	1	1	0
AX-21714	1	0	2	1	2	2	1
AX-7469	0	0	0	0	0	0	0
AX-18181	1	0	2	1	2	-1	1
AX-1403	-1	1	2	2	2	2	2
AX-2729	1	2	1	2	1	1	2
AX-9240	1	2	1	-1	1	1	2
AX-33341	1	2	2	2	2	2	2
AX-18246	2	1	2	1	2	2	1
AX-15174	1	1	1	1	1	1	1
AX-15451	0	1	2	2	2	2	2
AX-7747	1	0	2	2	2	2	2
AX-36327	2	2	2	1	2	2	1
AX-27585	2	2	1	1	1	1	1
AX-21186	0	1	2	1	2	2	1
AX-11461	2	1	0	-1	0	-1	1
AX-5700	1	1	-1	1	-1	-1	1
AX-32757	1	1	0	0	0	0	0
AX-28971	1	1	1	2	1	1	2
AX-29673	1	0	2	2	2	2	2
AX-29999	0	0	0	-1	0	0	0
AX-3802	1	1	0	0	0	0	0
AX-3170	0	1	1	2	1	1	2
AX-15002	2	2	2	2	2	2	2
AX-35712	2	2	-1	1	1	1	1
AX-22097	2	2	1	2	1	1	2
AX-29213	2	2	2	1	2	2	1
AX-25748	0	1	1	1	1	1	1
AX-8533	1	0	2	2	2	2	2
AX-25182	2	2	2	-1	2	2	1
AX-22054	0	0	1	1	1	1	1
AX-24989	2	1	2	2	2	2	2
AX-28376	2	2	2	1	2	2	1
AX-7551	1	2	1	2	1	1	2
AX-30553	1	2	1	0	1	1	0
AX-3310	2	2	2	2	2	2	2
AX-4382	2	2	1	0	1	1	0
AX-5851	1	1	1	-1	1	1	0
AX-21002	1	2	1	0	1	1	0
AX-7033	0	0	0	0	0	0	0
AX-38269	2	2	2	2	2	2	2
AX-23022	2	2	1	1	1	1	1
AX-9375	2	2	2	2	2	2	2
AX-24141	2	1	0	0	0	0	0
AX-26665	0	0	0	-1	0	0	1
AX-3513	2	2	2	2	2	2	2
AX-11481	0	1	2	1	2	2	1
AX-36456	1	1	1	2	1	1	2
AX-2115	2	2	1	1	1	1	1
AX-10585	1	2	2	1	2	2	2
AX-27327	0	1	0	0	0	0	0
AX-37452	2	2	1	1	1	1	1
AX-24589	0	1	2	2	2	2	2
AX-22125	0	0	1	0	1	1	0
AX-9399	0	0	0	0	0	0	0
AX-29260	2	1	1	0	1	1	0
AX-7880	2	2	1	1	1	1	1
AX-22920	0	0	1	-1	1	1	1
AX-36167	1	0	2	2	2	2	2
AX-23439	2	2	2	2	2	2	2
AX-20296	2	1	1	2	1	1	1
AX-35079	1	1	1	1	1	1	1
AX-19034	0	0	0	0	0	0	0
AX-23135	0	0	0	1	0	0	1
AX-22628	1	1	1	1	1	1	1
AX-23633	0	0	1	2	1	1	2
AX-28610	1	1	2	1	2	2	1
AX-8825	1	0	1	0	1	1	0
AX-1388	2	2	2	1	2	2	1
AX-1725	0	1	1	1	1	1	1
AX-4867	0	0	0	0	0	0	0
AX-16167	1	2	0	0	0	0	0
AX-31494	1	2	0	0	0	0	0
AX-25537	2	1	1	1	1	1	1
AX-13985	0	0	0	0	0	0	0
AX-8630	0	0	0	1	0	0	1
AX-11587	1	1	1	0	1	1	0
AX-25973	0	0	0	0	0	0	0
AX-17855	2	2	2	-1	2	2	1
AX-30117	-1	0	-1	0	1	0	0
AX-12907	2	2	2	2	2	2	1
AX-6707	2	1	2	2	2	2	2
AX-38458	2	1	2	2	2	2	2
AX-12213	2	1	0	-1	0	0	1
AX-21449	0	1	0	0	0	0	0
AX-29171	0	1	1	2	1	1	2
AX-3561	1	2	2	2	2	2	2
AX-26011	0	0	0	0	0	0	0
AX-1845	2	1	1	-1	1	1	1
AX-13685	2	2	2	1	2	2	1
AX-29415	1	1	1	1	1	1	1
AX-30936	0	0	0	0	0	0	0
AX-31922	1	2	2	1	2	2	1
AX-32456	0	0	0	1	0	0	1
AX-24643	0	0	0	1	0	0	1
AX-14546	1	1	1	1	1	1	1
AX-9307	2	2	2	2	2	2	2
AX-26321	1	1	0	1	-1	0	1
AX-26157	1	1	2	2	2	2	2
AX-22883	2	2	2	1	2	2	1
AX-2165	2	2	2	-1	2	2	0
AX-9348	0	0	0	0	0	0	0
AX-31982	1	0	0	0	0	0	0
AX-25870	1	1	2	2	2	2	2
AX-11830	1	2	1	0	1	1	0
AX-16337	2	2	2	2	2	2	2
AX-5595	0	0	1	1	1	1	1
AX-28900	1	1	1	1	1	1	2
AX-13093	2	2	2	2	2	2	2
AX-11268	2	2	2	0	2	2	1
AX-2547	1	1	1	1	1	1	1
AX-35147	2	2	2	2	2	2	2
AX-27521	0	0	0	0	0	0	0
AX-8744	1	2	0	0	0	0	0
AX-8443	0	0	2	1	2	2	1
AX-2761	2	1	1	2	1	1	2
AX-4739	2	2	2	2	2	2	2
AX-16761	1	0	1	1	1	1	1
AX-22608	1	1	2	-1	2	2	1
AX-26818	1	1	1	1	0	0	1
AX-37722	2	2	1	0	1	1	0
AX-34698	1	0	1	1	1	1	1
AX-30186	1	1	2	2	2	2	2
AX-19702	1	1	2	2	2	2	2
AX-86	1	1	0	1	0	0	1
AX-37535	0	0	0	1	0	0	1
AX-8073	1	2	1	2	1	1	2
AX-23017	1	-1	2	2	2	2	2
AX-3128	1	2	2	2	2	2	2
AX-17874	1	2	2	1	2	2	1
AX-21087	2	2	1	1	-1	1	1
AX-28723	0	0	1	2	1	1	2
AX-9486	2	2	2	2	2	2	2
AX-32333	1	1	0	0	0	0	0
AX-18511	1	2	1	2	1	1	2
AX-7276	1	2	0	0	0	0	0
AX-29393	0	0	0	1	0	0	1
AX-31895	1	0	0	0	0	0	0
AX-24981	1	1	-1	1	2	2	1
AX-2682	1	2	1	1	1	1	1
AX-12021	2	2	2	1	2	2	0
AX-34348	0	-1	1	1	1	1	1
AX-33677	0	1	1	2	1	1	2
AX-10060	0	0	2	1	2	2	1
AX-17497	1	1	1	0	1	1	0
AX-30424	1	1	1	1	1	1	1
AX-4289	2	2	2	2	2	2	2
AX-31706	2	2	2	1	2	2	1
AX-30304	0	0	0	0	0	0	0
AX-13301	1	1	0	1	0	0	1
AX-27050	2	2	2	2	2	2	2
AX-12940	0	1	1	0	1	1	0
AX-14907	1	0	1	0	1	1	0
AX-22885	0	0	2	1	-1	2	1
AX-25445	1	1	1	0	1	1	1
AX-3182	2	2	1	1	1	1	1
AX-24154	1	1	1	-1	1	1	1
AX-34881	0	0	1	1	1	1	1
AX-15582	1	1	1	1	1	1	1
AX-18367	0	1	1	0	1	1	0
AX-13979	1	1	1	1	1	1	1
AX-12865	0	1	1	0	1	1	0
AX-5493	0	0	1	1	1	1	1
AX-5298	0	0	1	2	1	1	2
AX-5500	0	0	0	0	0	0	0
AX-16521	1	2	1	1	1	1	1
AX-23852	2	2	2	2	2	2	2
AX-1173	1	1	1	2	1	1	2
AX-30591	0	-1	2	1	2	2	1
AX-13618	2	1	1	1	1	1	1
AX-32461	0	1	2	-1	2	2	1
AX-37432	2	2	0	0	0	0	0
AX-34781	1	0	2	1	2	2	1
AX-20136	1	1	0	0	0	0	0
AX-28104	1	1	2	2	2	2	2
AX-30301	0	0	1	2	1	1	2
AX-27518	0	0	0	0	0	0	0
AX-1623	1	1	1	1	1	1	1
AX-29432	2	2	2	2	2	2	2
AX-32137	1	2	1	0	1	1	0
AX-23311	1	1	0	0	0	0	0
AX-10966	1	1	2	2	2	2	2
AX-11971	2	2	2	2	2	2	2
AX-11644	2	2	2	2	2	2	2
AX-13170	1	1	1	2	1	1	2
AX-3854	1	2	2	2	2	2	2
AX-16552	2	2	2	2	2	2	2
AX-15427	1	1	2	2	2	2	2
AX-11874	0	1	2	-1	2	2	1
AX-2695	2	2	1	-1	1	1	1
AX-18789	2	1	1	0	1	1	0
AX-36407	2	2	-1	2	1	2	2
AX-11711	2	2	1	0	1	1	0
AX-23966	1	2	1	2	1	1	2
AX-28634	0	1	0	1	0	0	1
AX-24039	2	2	1	2	1	1	2
AX-17116	1	2	1	1	1	1	1
AX-4200	1	0	0	0	0	0	0
AX-6683	2	1	2	2	2	2	2
AX-26446	0	0	0	0	0	0	0
AX-34470	2	2	1	1	1	1	1
AX-30684	2	2	2	1	2	2	1
AX-31499	1	1	2	2	2	2	2
AX-20602	0	0	0	1	0	0	0
AX-30581	1	2	1	0	1	1	0
AX-367	2	1	2	2	2	2	2
AX-25085	1	1	1	1	1	-1	1
AX-25844	2	2	2	2	2	2	2
AX-19467	0	0	2	2	2	2	2
AX-23854	1	2	1	2	1	1	2
AX-13535	1	1	1	0	1	1	0
AX-18926	1	1	2	2	2	2	2
AX-5089	0	1	0	0	0	0	0
AX-14052	1	0	1	-1	1	1	1
AX-12137	2	1	1	2	1	1	2
AX-16149	2	2	2	1	2	2	1
AX-17523	2	2	1	1	1	1	1
AX-36504	2	1	1	2	1	1	2
AX-17653	2	2	1	1	1	1	1
AX-33173	0	0	1	1	1	1	1
AX-14626	2	2	2	2	2	2	2
AX-26289	2	2	-1	1	1	1	1
AX-26021	2	2	1	1	1	1	1
AX-3592	2	2	2	2	2	2	2
AX-12967	1	1	0	1	0	0	1
AX-28990	1	1	1	0	1	1	0
AX-1791	0	1	1	1	1	1	1
AX-8826	1	2	1	2	-1	1	2
AX-3617	1	1	0	0	0	0	0
AX-31146	1	0	2	2	2	2	2
AX-16808	0	0	1	2	1	1	2
AX-5862	1	1	1	0	1	1	0
AX-32765	0	0	2	2	2	2	2
AX-1885	1	1	1	1	1	1	1
AX-25127	1	1	0	0	0	0	0
AX-26162	1	1	0	0	0	0	0
AX-21126	1	2	0	1	0	0	1
AX-22064	1	1	0	1	0	0	1
AX-24366	1	1	1	1	1	1	1
AX-2346	1	1	2	2	2	2	2
AX-25891	1	1	2	2	2	2	2
AX-21231	1	2	1	0	1	1	0
AX-37786	2	2	2	2	2	2	2
AX-32158	2	1	2	2	2	2	2
AX-12879	2	2	2	1	2	2	1
AX-33900	1	2	2	2	2	2	2
AX-9380	-1	2	1	2	1	1	2
AX-27998	1	2	0	0	0	0	0
AX-6060	0	0	0	0	0	0	0
AX-35397	1	2	0	0	0	0	0
AX-28606	1	1	1	0	1	1	0
AX-37430	1	0	1	2	1	1	2
AX-16758	1	2	1	1	1	1	1
AX-17928	2	1	-1	0	0	0	0
AX-28891	1	2	1	1	-1	1	1
AX-13189	0	1	2	2	2	2	2
AX-30764	2	2	1	0	1	1	0
AX-9335	0	0	0	0	0	0	0
AX-13947	0	1	0	0	0	0	0
AX-29255	1	2	1	0	1	1	0
AX-21480	2	-1	1	0	1	1	0
AX-18545	2	2	1	1	1	1	1
AX-7471	2	1	2	2	2	2	2
AX-16492	2	2	2	2	2	2	2
AX-32632	1	2	0	-1	0	0	0
AX-16045	1	2	0	0	0	0	0
AX-26326	1	1	1	2	1	1	2
AX-30862	2	2	1	1	1	1	1
AX-34332	0	0	1	1	1	1	1
AX-25102	1	2	2	2	2	2	2
AX-29794	0	0	0	0	0	0	0
AX-11556	1	1	1	0	1	1	0
AX-35317	0	0	1	1	1	1	-1
AX-16665	0	0	0	1	0	0	1
AX-37936	1	2	1	2	1	1	2
AX-35126	1	1	1	1	1	1	1
AX-6222	0	1	0	0	0	0	0
AX-17558	0	1	2	1	2	2	1
AX-16815	0	0	1	1	1	1	1
AX-38456	2	2	2	1	2	2	1
AX-6853	2	2	2	0	2	2	0
AX-29875	2	2	2	2	2	2	2
AX-20671	1	2	1	0	1	1	0
AX-10299	1	2	2	2	2	2	2
AX-12369	1	1	1	1	1	1	1
AX-24274	1	2	2	1	2	2	1
AX-18943	1	1	2	2	2	2	2
AX-17071	1	1	0	0	0	0	0
AX-25467	0	0	0	0	0	0	0
AX-28679	2	2	2	1	2	2	1
AX-20075	1	1	0	1	0	0	1
